750
1
0 2
4
5
3
7
6 8
9
11
10 12
14
13
16
17
15 18
19
21
22
23
24
25
20 26
28
29
27 30
31 32
34
35
33
36 37
39
38
41
42
43
40 44
45
46 47
48
50
49 51
52 53
54 55
56
57 58
60
59 61
63
62
64 65
66 67
68 69
70
71 72
74
75
73
77
78
76 79
81
80 82
83
84 85
87
86 88
90
89
92
91 93
94 95
96 97
98
100
99 101
103
102 104
106
107
105 108
110
111
112
113
109
114 115
116 117
118 119
121
122
120
123 124
125
127
126 128
129 130
132
131 133
135
136
134 137
139
140
141
142
138 143
145
144 146
148
149
147 150
151 152
154
153 155
156 157
159
158 160
161 162
164
163 165
167
166
168 169
170
171 172
174
173 175
177
178
179
176
181
180 182
184
183 185
187
186
189
188 190
192
193
194
191 195
197
196
198 199
201
202
203
200 204
205
206 207
209
210
211
212
213
208
214 215
217
216
219
220
218 221
222
223 224
225
226 227
229
230
228
232
233
231 234
235
236 237
239
240
241
238 242
243 244
245
247
246 248
249 250
251
252 253
255
254
256 257
258
260
261
259 262
263 264
265
267
268
266 269
270 271
272
274
275
276
277
278
279
273 280
282
283
284
281
286
287
285 288
289 290
292
293
294
291 295
296
298
299
300
301
302
303
297 304
305
306 307
309
308
311
312
313
314
315
316
317
310 318
320
319
321 322
323
325
326
324 327
329
328
330 331
333
334
332
335 336
337 338
340
339 341
342
343 344
346
347
348
349
345 350
352
351
354
353 355
357
358
356
360
361
362
359 363
364
365 366
367
369
370
368 371
372 373
374
375 376
378
379
380
381
377
382 383
384 385
387
386 388
389
391
390 392
393
394 395
397
396
398 399
400
401 402
404
403 405
406
407 408
409 410
412
411
413 414
416
415 417
418 419
421
420
423
422 424
425
426 427
429
430
431
428 432
433
435
436
434 437
439
440
441
442
438 443
444 445
446
448
447 449
451
450
453
452 454
456
457
455 458
460
459 461
463
462
464 465
467
468
466 469
470 471
473
472
474 475
477
476 478
480
479
481 482
483
485
486
484 487
489
488
491
490 492
493
494 495
497
496 498
500
499
502
501 503
505
506
507
508
509
504
510 511
512 513
515
516
514
517 518
520
519
521 522
523 524
526
525 527
528 529
531
532
533
530
534 535
536
538
539
540
541
537 542
543 544
546
545 547
549
550
551
548 552
554
555
556
557
553 558
560
561
559
562 563
565
564 566
567
569
570
568 571
572 573
575
576
574
577 578
579 580
581 582
584
583 585
586 587
588
589 590
592
593
594
591
596
597
595 598
599 600
602
601 603
605
606
604
607 608
610
611
609 612
614
613
616
615 617
618 619
621
620 622
623
624 625
627
626
629
628 630
631 632
633 634
635 636
638
639
640
641
642
637 643
645
646
647
648
649
650
644
652
651 653
655
656
654
658
657 659
660 661
663
662 664
665 666
667
669
668 670
672
671
673 674
675 676
678
679
680
677
682
681 683
684 685
687
688
686 689
691
692
693
694
690
695 696
697 698
699 700
702
701 703
704
706
707
708
705 709
710 711
713
712
714 715
716 717
719
718
720 721
723
724
725
722
727
728
729
730
726 731
733
734
732
736
735 737
739
738
741
742
743
740 744
746
747
748
745
749 750
751 752
754
755
756
757
753 758
759 760
761
762 763
764
766
767
768
765 769
771
772
770 773
775
776
777
778
779
780
774 781
782 783
785
786
787
784
788 789
791
792
790
793 794
795 796
797 798
799
800 801
803
804
802
805 806
807
809
808 810
812
811
813 814
815
816 817
819
820
821
822
823
818 824
826
827
825 828
830
831
829
832 833
834 835
836
837 838
839
840 841
843
844
845
842
846 847
849
850
851
852
848
854
855
853 856
857 858
860
859
861 862
864
865
863
867
866 868
870
869
871 872
874
875
873 876
878
877
880
879 881
882 883
884 885
887
888
889
890
886
891 892
893
895
896
894 897
899
900
898 901
902 903
905
906
907
908
904 909
910 911
913
914
912 915
917
916 918
919 920
922
923
924
925
926
921
927 928
929 930
931
933
932 934
936
935
938
939
937 940
942
941 943
944
945 946
948
947 949
951
950
952 953
955
954
956 957
959
958 960
962
963
964
961 965
966
967 968
970
971
972
969
973 974
976
975
978
977 979
980 981
983
982 984
986
987
985 988
989
990 991
992
994
993 995
997
998
996 999
